/home/linnie/Downloads/images/Images/n02110806-basenji/n02110806_479.jpg[[[ 96 144  84]
  [ 51  99  39]
  [103 151  91]
  ...
  [ 81  90  43]
  [ 83  92  45]
  [ 79  91  43]]

 [[109 157  97]
  [121 169 109]
  [ 98 146  84]
  ...
  [102 109  65]
  [ 91  98  54]
  [ 96 105  60]]

 [[110 156  94]
  [132 178 116]
  [117 163 101]
  ...
  [ 84  89  48]
  [ 73  78  37]
  [ 85  90  49]]

 ...

 [[144 184 122]
  [136 176 114]
  [106 148  85]
  ...
  [ 76 109  62]
  [ 59  97  48]
  [100 143  90]]

 [[114 154  92]
  [ 92 132  70]
  [101 143  80]
  ...
  [ 34  67  22]
  [ 58  94  46]
  [ 99 141  91]]

 [[ 89 140  74]
  [ 57 103  38]
  [101 144  73]
  ...
  [ 57 107  44]
  [ 77 127  64]
  [ 91 142  76]]]